7.949610066875409942e-01
8.241182580927455259e-01
8.543462802115115995e-01
8.856844966190522417e-01
9.181737924559271180e-01
9.518565575670346890e-01
9.867767691571656119e-01
1.022980023143976958e+00
1.060513600503939280e+00
1.099426538829467725e+00
1.139769706974383290e+00
1.181595851620098836e+00
1.224959679823832692e+00
1.269917926237073669e+00
1.316529439401527446e+00
1.364855258822949002e+00
1.414958699738505521e+00
1.466905426169209825e+00
1.520763551055280605e+00
1.576603729908572893e+00
1.634499249758283312e+00
1.694526135045845150e+00
1.756763254297374122e+00
1.821292427408487402e+00
1.888198514077982448e+00
1.957569584416486874e+00
2.029496978295826093e+00
2.104075485232879572e+00
2.181403433339692999e+00
2.261582859332240680e+00
2.344719627899444880e+00
2.430923596381127538e+00
2.520308748234819429e+00
2.612993381959131334e+00
2.709100248607977601e+00
2.808756747008758214e+00
2.912095102815391190e+00
3.019252527502206185e+00
3.130371476488065241e+00
3.245599771518457466e+00
3.365090891236902415e+00
3.489004141625421163e+00
3.617504913802647604e+00
3.750764898980823325e+00
3.888962384292350194e+00
4.032282462010540414e+00
4.180917334988799361e+00
4.335066596457491706e+00
4.494937535166420695e+00
4.660745425685828280e+00
4.832713857244105959e+00
5.011075095921604827e+00
5.196070414634600176e+00
5.387950447963188338e+00
5.586975636988666061e+00
5.793416574994243007e+00
6.007554436026940614e+00
6.229681456686657626e+00
6.460101359513265251e+00
6.699129841480823799e+00
6.947095098447658934e+00
7.204338334753603412e+00
7.471214336832219693e+00
7.748092044569639292e+00
8.035355151259254924e+00
8.333402769720130721e+00
8.642650082548662738e+00
8.963529060188569986e+00
9.296489193192432055e+00
9.641998264711249433e+00
1.000054318925402619e+01
1.037263084818457415e+01
1.075878902020633987e+01
1.115956729412175541e+01
1.157553811904305796e+01
1.200729781901941351e+01
1.245546773067095359e+01
1.292069536930353912e+01
1.340365566604162062e+01
1.390505228292856543e+01
1.442561898541390164e+01
1.496612109930933521e+01
1.552735707366413109e+01
1.611016009905102919e+01
1.671539984589247041e+01
1.734398428907315903e+01
1.799686165161790541e+01
1.867502249416057936e+01
1.937950186998513757e+01
2.011138166759334922e+01
2.087179308880621065e+01
2.166191924893708176e+01
2.248299804205197461e+01
2.333632504917748918e+01
2.422325676528101823e+01
2.514521399524151590e+01
2.610368545923754624e+01
2.710023166043850651e+01
2.813648906294003282e+01
2.921417447477816509e+01
3.033508982951557797e+01
3.150112726419725817e+01
3.271427458287274703e+01
3.397662110330684015e+01
3.529036394400620225e+01
3.665781484216577724e+01
3.808140737765210559e+01
3.956370485580886509e+01
4.110740875118314364e+01
