7.949610066873187275e-01
9.181737924552214603e-01
1.060513600503926179e+00
1.224959679823698799e+00
1.414958699738506631e+00
1.634499249798819331e+00
1.888198514085806856e+00
2.181403433339687226e+00
2.520308747865528165e+00
2.912095102815642989e+00
3.365090891236600878e+00
3.888962384293289887e+00
4.494937535166431353e+00
5.196070414640996837e+00
6.007554438162747701e+00
6.947095098447752193e+00
8.035355151375323857e+00
9.296489193192451594e+00
1.075878902024538242e+01
1.245546773082500103e+01
1.442561898219513949e+01
1.671539984850161886e+01
1.937950186998520152e+01
2.248299804137784363e+01
2.610368545677439300e+01
3.033508982931992648e+01
3.529036394466827886e+01
4.110740875515996606e+01
