7.498942093324509894e-01
7.773650302387707933e-01
8.058421877614766471e-01
8.353625469578208618e-01
8.659643233600599066e-01
8.976871324473085778e-01
9.305720409296931450e-01
9.646616199111932577e-01
9.999999999999937828e-01
1.036632928437691614e+00
1.074607828321310965e+00
1.113973859994795701e+00
1.154781984689451368e+00
1.197085030495722791e+00
1.240937760751712249e+00
1.286396944936966991e+00
1.333521432163316423e+00
1.382372227357891781e+00
1.433012570236954719e+00
1.485508017172767037e+00
1.539926526059483658e+00
1.596338544287933647e+00
1.654817099943172609e+00
1.715437896342869806e+00
1.778279410038913433e+00
1.843422992409100791e+00
1.910952974970430596e+00
1.980956778550328590e+00
2.053525026457135638e+00
2.128751661796361994e+00
2.206734069084578920e+00
2.287573200318384625e+00
2.371373705661643960e+00
2.458244068920186098e+00
2.548296747979334587e+00
2.641648320386080329e+00
2.738419634264348979e+00
2.838735964758742458e+00
2.942727176209269491e+00
3.050527890267013209e+00
3.162277660168366644e+00
3.278121151393445398e+00
3.398208328942545542e+00
3.522694651473087468e+00
3.651741272548362449e+00
3.785515249258615267e+00
3.924189758484520674e+00
4.067944321083031944e+00
4.216965034285806269e+00
4.371444812611072983e+00
4.531583637600800962e+00
4.697588816706474546e+00
4.869675251658613035e+00
5.048065716667452740e+00
5.232991146814928385e+00
5.424690937011307668e+00
5.623413251903471632e+00
5.829415347136054137e+00
6.042963902381307761e+00
6.264335366568834829e+00
6.493816315762091840e+00
6.731703824144960713e+00
6.978305848598641781e+00
7.233941627366726301e+00
7.498942093324536096e+00
7.773650302387736133e+00
8.058421877614796003e+00
8.353625469578238594e+00
8.659643233600629486e+00
8.976871324473117753e+00
9.305720409296965201e+00
9.646616199111967660e+00
9.999999999999975131e+00
1.036632928437695433e+01
1.074607828321314962e+01
1.113973859994799831e+01
1.154781984689455676e+01
1.197085030495727231e+01
1.240937760751716823e+01
1.286396944936971742e+01
1.333521432163321130e+01
1.382372227357896577e+01
1.433012570236959782e+01
1.485508017172772099e+01
1.539926526059488943e+01
1.596338544287939420e+01
1.654817099943178249e+01
1.715437896342875845e+01
1.778279410038919650e+01
1.843422992409107408e+01
1.910952974970437523e+01
1.980956778550335784e+01
2.053525026457143454e+01
2.128751661796369632e+01
2.206734069084587091e+01
2.287573200318393063e+01
2.371373705661652664e+01
2.458244068920194891e+01
2.548296747979344090e+01
2.641648320386089921e+01
2.738419634264358749e+01
2.838735964758752317e+01
2.942727176209279705e+01
3.050527890267023423e+01
3.162277660168377835e+01
3.278121151393457211e+01
3.398208328942558154e+01
3.522694651473100436e+01
3.651741272548376571e+01
3.785515249258629922e+01
3.924189758484535417e+01
4.067944321083047043e+01
4.216965034285821901e+01
