7.498942093324539870e-01
8.659643233600640144e-01
9.999999999999980016e-01
1.154781984689456031e+00
1.333521432163321974e+00
1.539926526059490097e+00
1.778279410038920094e+00
2.053525026457140079e+00
2.371373705661659947e+00
2.738419634264360081e+00
3.162277660168379967e+00
3.651741272548380213e+00
4.216965034285819591e+00
4.869675251658620141e+00
5.623413251903479626e+00
6.493816315762099833e+00
7.498942093324560076e+00
8.659643233600640144e+00
1.000000000000000000e+01
1.154781984689457985e+01
1.333521432163323972e+01
1.539926526059490008e+01
1.778279410038922137e+01
2.053525026457139901e+01
2.371373705661660125e+01
2.738419634264360170e+01
3.162277660168379967e+01
3.651741272548380124e+01
4.216965034285819769e+01
