3.162277660168379937e-04
2.371373705661659990e-04
1.778279410038920258e-04
1.333521432163320159e-04
1.000000000000000048e-04
7.498942093324559917e-05
5.623413251903490022e-05
4.216965034285820205e-05
3.162277660168380208e-05
2.371373705661660125e-05
1.778279410038919852e-05
1.333521432163319990e-05
1.000000000000000082e-05
7.498942093324561442e-06
5.623413251903490361e-06
4.216965034285830030e-06
3.162277660168380038e-06
2.371373705661659871e-06
1.778279410038920148e-06
1.333521432163330027e-06
1.000000000000000167e-06
7.498942093324570124e-07
5.623413251903499890e-07
4.216965034285829924e-07
3.162277660168379721e-07
2.371373705661660136e-07
1.778279410038920042e-07
1.333521432163329868e-07
