3.162277660168379394e-04
2.942727176209282208e-04
2.738419634264362135e-04
2.548296747979347430e-04
2.371373705661656195e-04
2.206734069084591093e-04
2.053525026457147184e-04
1.910952974970441833e-04
1.778279410038924053e-04
1.654817099943182849e-04
1.539926526059493548e-04
1.433012570236964366e-04
1.333521432163325580e-04
1.240937760751721229e-04
1.154781984689459841e-04
1.074607828321319270e-04
1.000000000000001539e-04
9.305720409297006353e-05
8.659643233600669858e-05
8.058421877614834719e-05
7.498942093324574825e-05
6.978305848598679792e-05
6.493816315762129137e-05
6.042963902381343169e-05
5.623413251903505608e-05
5.232991146814961977e-05
4.869675251658644782e-05
4.531583637600830909e-05
4.216965034285835112e-05
3.924189758484547866e-05
3.651741272548388522e-05
3.398208328942570449e-05
3.162277660168389694e-05
2.942727176209291627e-05
2.738419634264370944e-05
2.548296747979355561e-05
2.371373705661663852e-05
2.206734069084598140e-05
2.053525026457154028e-05
1.910952974970448067e-05
1.778279410038930016e-05
1.654817099943188405e-05
1.539926526059498630e-05
1.433012570236968973e-05
1.333521432163329985e-05
1.240937760751725159e-05
1.154781984689463535e-05
1.074607828321322658e-05
1.000000000000004825e-05
9.305720409297036169e-06
8.659643233600697641e-06
8.058421877614859791e-06
7.498942093324598711e-06
6.978305848598699613e-06
6.493816315762147941e-06
6.042963902381361465e-06
5.623413251903522549e-06
5.232991146814976546e-06
4.869675251658659012e-06
4.531583637600844292e-06
4.216965034285847818e-06
3.924189758484559555e-06
3.651741272548399110e-06
3.398208328942580868e-06
3.162277660168399520e-06
2.942727176209300267e-06
2.738419634264378652e-06
2.548296747979362761e-06
2.371373705661670459e-06
2.206734069084603985e-06
2.053525026457159618e-06
1.910952974970453149e-06
1.778279410038934759e-06
1.654817099943192683e-06
1.539926526059502526e-06
1.433012570236972658e-06
1.333521432163333415e-06
1.240937760751728420e-06
1.154781984689466414e-06
1.074607828321325199e-06
1.000000000000007155e-06
9.305720409297056286e-07
8.659643233600717122e-07
8.058421877614878214e-07
7.498942093324614593e-07
6.978305848598716341e-07
6.493816315762163400e-07
6.042963902381375018e-07
5.623413251903534830e-07
5.232991146814988828e-07
4.869675251658670447e-07
4.531583637600854986e-07
4.216965034285857982e-07
3.924189758484568661e-07
3.651741272548407898e-07
3.398208328942588279e-07
3.162277660168406720e-07
2.942727176209307466e-07
2.738419634264385216e-07
2.548296747979369008e-07
2.371373705661676282e-07
2.206734069084609914e-07
2.053525026457164753e-07
1.910952974970458125e-07
1.778279410038939365e-07
1.654817099943196971e-07
1.539926526059506708e-07
1.433012570236976523e-07
1.333521432163337015e-07
